  8.08000e+07     0.133202     0.151600    0.0974007    -0.115200    -0.197899
  8.37500e+07     0.136700     0.152000    0.0862007    -0.116600    -0.222099
  8.67000e+07     0.140503     0.150703    0.0767021    -0.115498    -0.253197
  8.96500e+07     0.144299     0.149502    0.0635986    -0.112499    -0.285400
  9.26000e+07     0.146900     0.147602    0.0525017    -0.108498    -0.316898
  9.55500e+07     0.149502     0.146400    0.0405998    -0.102299    -0.347198
  9.85000e+07     0.152401     0.143898    0.0286980   -0.0937996    -0.373299
  1.01400e+08     0.152802     0.138100    0.0125999   -0.0881996    -0.393600
  1.04400e+08     0.154903     0.134003  -0.00219727   -0.0810966    -0.406097
  1.07300e+08     0.156700     0.126801   -0.0167007   -0.0737991    -0.410698
  1.10300e+08     0.158298     0.118298   -0.0326004   -0.0627022    -0.408302
  1.13200e+08     0.155102     0.105801   -0.0499001   -0.0559998    -0.398899
  1.16200e+08     0.152901    0.0950012   -0.0658989   -0.0457001    -0.378902
  1.19100e+08     0.149399    0.0816994   -0.0778999   -0.0364990    -0.355999
  1.22100e+08     0.145702    0.0691032   -0.0886002   -0.0331001    -0.336098
  1.25000e+08     0.139500    0.0530014   -0.0973969   -0.0254974    -0.308098
  1.28000e+08     0.133801    0.0381012    -0.105400   -0.0205002    -0.281597
  1.30900e+08     0.127701    0.0219002    -0.110199   -0.0158997    -0.257900
  1.33900e+08     0.120102   0.00650024    -0.112701   -0.0144005    -0.242699
  1.36800e+08     0.109501   -0.0100021    -0.112602   -0.0168991    -0.240601
  1.39800e+08     0.100899   -0.0261002    -0.110401   -0.0196991    -0.244499
  1.42700e+08    0.0912018   -0.0415001    -0.104401   -0.0265999    -0.258099
  1.45700e+08    0.0804977   -0.0540009   -0.0907021   -0.0337029    -0.279301
  1.48600e+08    0.0717010   -0.0657005   -0.0766983   -0.0429001    -0.303799
  1.51600e+08    0.0607986   -0.0788002   -0.0601006   -0.0517998    -0.331299
  1.54500e+08    0.0510979   -0.0874023   -0.0413017   -0.0605011    -0.354801
  1.57500e+08    0.0415001   -0.0937004   -0.0210991   -0.0677986    -0.371300
  1.60400e+08    0.0343018   -0.0962982   0.00159836   -0.0707016    -0.375599
  1.63400e+08    0.0266991    -0.100903    0.0210991   -0.0723000    -0.369202
  1.66300e+08    0.0191002    -0.100800    0.0410004   -0.0718002    -0.349998
  1.69300e+08    0.0117989    -0.101299    0.0594978   -0.0669022    -0.321301
  1.72200e+08   0.00659943   -0.0998001    0.0765991   -0.0575027    -0.283901
  1.75200e+08  0.000400543   -0.0988007    0.0918999   -0.0437012    -0.239399
  1.78100e+08  -0.00429916   -0.0933990     0.103100   -0.0273972    -0.194500
  1.81100e+08   -0.0106010   -0.0894012     0.111099  -0.00730133    -0.151001
  1.84000e+08   -0.0138969   -0.0816994     0.120201    0.0188026    -0.112000
  1.87000e+08   -0.0167999   -0.0753975     0.124702    0.0443001   -0.0827980
  1.89900e+08   -0.0198021   -0.0681992     0.126598    0.0714989   -0.0639000
  1.92900e+08   -0.0207977   -0.0597992     0.125202    0.0993996   -0.0556984
  1.95800e+08   -0.0223007   -0.0513000     0.123199     0.127003   -0.0573997
  1.98800e+08   -0.0240021   -0.0424004     0.118298     0.153599   -0.0673027
  2.01700e+08   -0.0232010   -0.0324020     0.112301     0.179798   -0.0824013
  2.04700e+08   -0.0244980   -0.0249977     0.103203     0.199501    -0.101997
  2.07600e+08   -0.0230980   -0.0158997    0.0928001     0.218700    -0.122997
  2.10600e+08   -0.0239029  -0.00770187    0.0804977     0.234699    -0.141201
  2.13500e+08   -0.0228996   0.00120163    0.0655022     0.243801    -0.155098
  2.16500e+08   -0.0211029   0.00899887    0.0509987     0.249100    -0.160801
  2.19400e+08   -0.0209007    0.0157013    0.0335007     0.247200    -0.160099
  2.22400e+08   -0.0177994    0.0226974    0.0159988     0.243099    -0.147800
  2.25300e+08   -0.0163002    0.0275993  -0.00159836     0.232800    -0.129299
  2.28300e+08   -0.0172997    0.0295982   -0.0209007     0.216499    -0.106400
  2.31200e+08   -0.0150986    0.0333023   -0.0354004     0.201603   -0.0746002
  2.34200e+08   -0.0117989    0.0349007   -0.0538979     0.179501   -0.0439987
  2.37100e+08   -0.0123978    0.0320015   -0.0689964     0.156902   -0.0159988
  2.40100e+08   -0.0112991    0.0321999   -0.0825996     0.136002    0.0101013
  2.43000e+08   -0.0106010    0.0289993   -0.0954018     0.114899    0.0270996
  2.46000e+08  -0.00740051    0.0270004    -0.105900    0.0961990    0.0382996
  2.48900e+08   -0.0107994    0.0204010    -0.117798    0.0757027    0.0369034
  2.51900e+08  -0.00989914    0.0144997    -0.127399    0.0598984    0.0285988
  2.54800e+08  -0.00860023    0.0110016    -0.132401    0.0490990    0.0166016
  2.57800e+08   -0.0107002   0.00329971    -0.141201    0.0382004  -0.00279999
  2.60700e+08   -0.0106010  -0.00250053    -0.146301    0.0324001   -0.0219002
  2.63700e+08   -0.0115013  -0.00960159    -0.150400    0.0301991   -0.0407009
  2.66600e+08   -0.0121994   -0.0172997    -0.154200    0.0286007   -0.0562992
  2.69600e+08   -0.0120010   -0.0220013    -0.156601    0.0300999   -0.0680008
  2.72500e+08   -0.0123997   -0.0273991    -0.158600    0.0312004   -0.0732002
  2.75500e+08   -0.0125999   -0.0317001    -0.161200    0.0367012   -0.0761986
  2.78400e+08   -0.0115013   -0.0334015    -0.163401    0.0437984   -0.0720005
  2.81400e+08   -0.0113010   -0.0385017    -0.167101    0.0491982   -0.0632000
  2.84300e+08   -0.0121002   -0.0415001    -0.168299    0.0577011   -0.0497990
  2.87300e+08   -0.0119991   -0.0441990    -0.170900    0.0647011   -0.0314999
  2.90200e+08   -0.0128994   -0.0475998    -0.175701    0.0704002   -0.0128994
  2.93200e+08   -0.0132008   -0.0502014    -0.179401    0.0791988   0.00839996
  2.96100e+08   -0.0137997   -0.0545006    -0.181200    0.0844002    0.0291996
  2.99100e+08   -0.0146999   -0.0559998    -0.183300    0.0907993    0.0496998
  3.02000e+08   -0.0154018   -0.0573006    -0.185902    0.0969982    0.0667992
