  8.08000e+07  4.18000e-10  8.50999e-10  1.69500e-09  3.30700e-09  6.97400e-09
  8.37500e+07  4.17000e-10  8.48001e-10  1.70400e-09  3.31200e-09  6.94900e-09
  8.67000e+07  4.25000e-10  8.76000e-10  1.71000e-09  3.31100e-09  6.92300e-09
  8.96500e+07  4.39000e-10  8.67999e-10  1.69800e-09  3.32400e-09  6.87400e-09
  9.26000e+07  4.27001e-10  8.58000e-10  1.69000e-09  3.34100e-09  6.82600e-09
  9.55500e+07  4.35001e-10  8.77002e-10  1.68600e-09  3.35700e-09  6.78400e-09
  9.85000e+07  4.48001e-10  8.74000e-10  1.69400e-09  3.35900e-09  6.76000e-09
  1.01400e+08  4.43000e-10  8.78000e-10  1.68400e-09  3.36300e-09  6.72400e-09
  1.04400e+08  4.53000e-10  8.88000e-10  1.68000e-09  3.39100e-09  6.70200e-09
  1.07300e+08  4.50000e-10  8.86000e-10  1.66300e-09  3.38300e-09  6.67700e-09
  1.10300e+08  4.74001e-10  8.85001e-10  1.65600e-09  3.39700e-09  6.70700e-09
  1.13200e+08  4.55000e-10  8.81000e-10  1.62900e-09  3.40300e-09  6.70900e-09
  1.16200e+08  4.55000e-10  8.57001e-10  1.61900e-09  3.41600e-09  6.73900e-09
  1.19100e+08  4.61000e-10  8.60999e-10  1.61100e-09  3.42900e-09  6.77500e-09
  1.22100e+08  4.70000e-10  8.78000e-10  1.62500e-09  3.49000e-09  6.91100e-09
  1.25000e+08  4.51000e-10  8.30000e-10  1.56800e-09  3.44400e-09  6.89000e-09
  1.28000e+08  4.65000e-10  8.40000e-10  1.58800e-09  3.47800e-09  6.94700e-09
  1.30900e+08  4.44000e-10  8.21000e-10  1.56100e-09  3.46900e-09  6.99700e-09
  1.33900e+08  4.64000e-10  8.30999e-10  1.58400e-09  3.48800e-09  7.04800e-09
  1.36800e+08  4.31000e-10  7.82000e-10  1.55000e-09  3.46900e-09  7.06300e-09
  1.39800e+08  4.39000e-10  7.98000e-10  1.55900e-09  3.46500e-09  7.06000e-09
  1.42700e+08  4.37001e-10  7.89000e-10  1.57900e-09  3.46000e-09  7.04300e-09
  1.45700e+08  4.16001e-10  7.49000e-10  1.56800e-09  3.44400e-09  6.99300e-09
  1.48600e+08  4.19000e-10  7.56000e-10  1.59800e-09  3.42700e-09  6.93400e-09
  1.51600e+08  4.03000e-10  7.40000e-10  1.59900e-09  3.40200e-09  6.87000e-09
  1.54500e+08  4.00000e-10  7.45000e-10  1.63200e-09  3.38100e-09  6.80500e-09
  1.57500e+08  3.96001e-10  7.43000e-10  1.64500e-09  3.35400e-09  6.74400e-09
  1.60400e+08  4.01000e-10  7.34000e-10  1.67600e-09  3.34600e-09  6.70400e-09
  1.63400e+08  3.92000e-10  7.33000e-10  1.69000e-09  3.32700e-09  6.69300e-09
  1.66300e+08  3.81000e-10  7.36000e-10  1.72800e-09  3.32300e-09  6.70000e-09
  1.69300e+08  3.82000e-10  7.42000e-10  1.74600e-09  3.31400e-09  6.73000e-09
  1.72200e+08  3.73000e-10  7.38001e-10  1.75200e-09  3.30200e-09  6.78500e-09
  1.75200e+08  3.82999e-10  7.52000e-10  1.76300e-09  3.30600e-09  6.86400e-09
  1.78100e+08  3.87001e-10  7.62000e-10  1.80400e-09  3.34900e-09  6.93700e-09
  1.81100e+08  3.66001e-10  7.58001e-10  1.80000e-09  3.33200e-09  6.98700e-09
  1.84000e+08  3.68001e-10  7.59000e-10  1.80500e-09  3.34600e-09  7.06600e-09
  1.87000e+08  3.79000e-10  7.67000e-10  1.81600e-09  3.38800e-09  7.10900e-09
  1.89900e+08  3.62999e-10  7.79000e-10  1.80600e-09  3.40200e-09  7.13300e-09
  1.92900e+08  3.73000e-10  7.91000e-10  1.81900e-09  3.44000e-09  7.14300e-09
  1.95800e+08  3.84000e-10  7.87000e-10  1.82100e-09  3.46600e-09  7.13300e-09
  1.98800e+08  3.73999e-10  8.11000e-10  1.81400e-09  3.49400e-09  7.10600e-09
  2.01700e+08  3.83999e-10  8.06000e-10  1.80500e-09  3.50900e-09  7.04400e-09
  2.04700e+08  3.86000e-10  8.26000e-10  1.81800e-09  3.53900e-09  7.00200e-09
  2.07600e+08  3.73000e-10  8.14000e-10  1.79200e-09  3.55700e-09  6.92500e-09
  2.10600e+08  3.73999e-10  8.27000e-10  1.78000e-09  3.56700e-09  6.88600e-09
  2.13500e+08  3.89000e-10  8.46000e-10  1.78400e-09  3.58600e-09  6.83000e-09
  2.16500e+08  3.91000e-10  8.49000e-10  1.78300e-09  3.57100e-09  6.79000e-09
  2.19400e+08  3.79000e-10  8.56000e-10  1.75300e-09  3.59400e-09  6.75800e-09
  2.22400e+08  3.98000e-10  8.62000e-10  1.74100e-09  3.58000e-09  6.76600e-09
  2.25300e+08  3.97000e-10  8.65001e-10  1.72200e-09  3.55800e-09  6.79000e-09
  2.28300e+08  3.91999e-10  8.72999e-10  1.71600e-09  3.54400e-09  6.80600e-09
  2.31200e+08  4.00000e-10  8.62000e-10  1.70200e-09  3.51400e-09  6.85200e-09
  2.34200e+08  3.95000e-10  8.83000e-10  1.69200e-09  3.48800e-09  6.91100e-09
  2.37100e+08  4.10000e-10  8.78000e-10  1.68300e-09  3.46400e-09  6.97700e-09
  2.40100e+08  4.11000e-10  8.68000e-10  1.67800e-09  3.44300e-09  7.00700e-09
  2.43000e+08  3.93000e-10  8.62000e-10  1.65900e-09  3.39000e-09  7.03900e-09
  2.46000e+08  4.09000e-10  8.69000e-10  1.66300e-09  3.38100e-09  7.05800e-09
  2.48900e+08  4.03000e-10  8.66001e-10  1.66500e-09  3.35500e-09  7.06200e-09
  2.51900e+08  4.00000e-10  8.46000e-10  1.65600e-09  3.33600e-09  7.04000e-09
  2.54800e+08  4.18001e-10  8.61000e-10  1.66400e-09  3.32600e-09  7.01000e-09
  2.57800e+08  4.02000e-10  8.33000e-10  1.64600e-09  3.29900e-09  6.95800e-09
  2.60700e+08  3.90000e-10  8.33000e-10  1.65600e-09  3.30400e-09  6.90600e-09
  2.63700e+08  4.12000e-10  8.37000e-10  1.67000e-09  3.32600e-09  6.89000e-09
  2.66600e+08  3.95000e-10  8.02000e-10  1.65100e-09  3.30100e-09  6.82600e-09
  2.69600e+08  3.97001e-10  8.25001e-10  1.68300e-09  3.31700e-09  6.79600e-09
  2.72500e+08  3.82999e-10  8.10000e-10  1.66900e-09  3.31100e-09  6.78600e-09
  2.75500e+08  4.18000e-10  8.26000e-10  1.68900e-09  3.33500e-09  6.80100e-09
  2.78400e+08  4.09000e-10  8.10000e-10  1.68700e-09  3.33300e-09  6.77600e-09
  2.81400e+08  3.90000e-10  8.10000e-10  1.67700e-09  3.33300e-09  6.76200e-09
  2.84300e+08  4.03000e-10  8.15000e-10  1.70000e-09  3.35100e-09  6.78700e-09
  2.87300e+08  4.03000e-10  8.07000e-10  1.69700e-09  3.36600e-09  6.82300e-09
  2.90200e+08  3.97001e-10  8.04000e-10  1.68600e-09  3.35700e-09  6.83300e-09
  2.93200e+08  4.15000e-10  8.22999e-10  1.70500e-09  3.38600e-09  6.87500e-09
  2.96100e+08  4.06000e-10  8.11000e-10  1.69300e-09  3.38900e-09  6.90500e-09
  2.99100e+08  4.02000e-10  8.06000e-10  1.69300e-09  3.38800e-09  6.92700e-09
  3.02000e+08  4.18000e-10  8.13000e-10  1.69700e-09  3.40200e-09  6.96100e-09
